,!,",",.,00,000,0011,005,01,02,0200,0229,024,03qu7easxn,04,05,07,071,08,09,098,10,100,100000,100metro,101,102,1020,10274,103,1034,104,105,106,108,109,10ยบ,11,110,111,112,113,114,1140,1142,11583,116,119,12,120,122,123,1235,125,126,128,12el,12la,13,130,1300,1306,131,132,1325,135,137,138,13ยบ,14,140,141,1425013328,144,145,146,148,149,15,150,151,155,15grupo,16,160,161,164,167,16h20,17,170,171,172,17339,176,178,17el,18,180,181,1821
0,1.0000000000000002,0.053791435363991905,0.024056261216234408,0.05154913117764516,0.06884888190323676,0.10502100630210075,0.11840055569457876,0.042796049251091296,0.07735659346940951,0.08438600664067965,0.06666666666666668,0.05103103630798288,0.07423923386456233,0.0996023841111995,0.06662136141735209,0.11253829617297212,0.03740660010403623,0.08595177052156613,0.08089377861617925,0.057414401521828175,0.051031036307982884,0.05954913341754137,0.09231861823449956,0.054339266700166394,0.057054433073454806,0.07065835796489937,0.07319250547113999,0.06014065304058602,0.045643546458763846,0.059708143402653215,0.06889728182619381,0.09186304243492507,0.09558988911273408,0.0655825835783953,0.06491134836118732,0.04022589933545649,0.07647191129018727,0.053203533172421796,0.06889728182619381,0.060993754559283325,0.06588078458684124,0.051288121241388644,0.07039532383704886,0.06171774138762735,0.07071067811865475,0.05892556509887896,0.08150890005024959,0.07995026863335393,0.0657951694959769,0.0657793514480272,0.07027283689263066,0.0675077156084152,0.0727392967453308,0.06266005147845038,0.07216878364870323,0.06781112260056125,0.05735393346764045,0.05004004806408974,0.10978875820670998,0.09775773587572188,0.04738680177049226,0.043920523057894165,0.057414401521828175,0.048112522432468816,0.08606629658238704,0.10980732398991648,0.04376881095324085,0.09056544450027731,0.10004084133313015,0.07404360971988655,0.0627913768709191,0.09375000000000001,0.04166666666666667,0.06975801064151559,0.09166666666666667,0.11572751247156893,0.06281486345370076,0.0761386987626881,0.10956262252231944,0.0637887953849786,0.08856148855400953,0.048005960790160535,0.05290092118939488,0.0727392967453308,0.12767205771423776,0.04145133361448392,0.0545544725589981,0.054339266700166394,0.06642111641550714,0.06059754409313883,0.09016696346674323,0.06521864934374387,0.11226827987756233,0.06282808624375434,0.05349506156386412,0.06494859166470549,0.045360921162651446,0.09643959372630743,0.054092790300989436,0.06250000000000001
1,0.053791435363991905,1.0,0.024845199749997663,0.095831484749991,0.07110681947099658,0.06327138353044137,0.1019029734192905,0.05524946201098299,0.03550824275275383,0.07130740328122925,0.04303314829119352,0.07378647873726218,0.07667395103803935,0.07200822998230956,0.05897678246195885,0.08046626711787302,0.11590011139293836,0.03550824275275383,0.0954819832052577,0.05929733891373501,0.05270462766947299,0.07687760066907376,0.06356417261637283,0.06547491221440328,0.11785113019775792,0.09730085108210397,0.08819171036881969,0.09938079899999067,0.0848528137423857,0.06937459350943204,0.08301627447922902,0.047437871130988005,0.1382147381437882,0.06773340106676827,0.08938686975386545,0.05193141273747966,0.04936240647992436,0.07692772189617515,0.05929733891373501,0.03779644730092272,0.05443310539518173,0.06356417261637283,0.10386282547495931,0.06374180921595118,0.06085806194501844,0.036514837167011066,0.08418202998994707,0.0642228862990377,0.07644707871564382,0.07548513560963972,0.09979402655783319,0.06972166887783962,0.08451542547285165,0.10169503597462534,0.06211299937499416,0.0800400300250219,0.0691073690718941,0.08268982305947231,0.08819171036881969,0.08077100437538434,0.06525450456431951,0.05443310539518174,0.07115680669648201,0.049690399499995326,0.1,0.0610661243021916,0.10170952554312156,0.08418202998994707,0.08856148855400951,0.07647191129018725,0.06485065517506754,0.07530800950958866,0.032274861218395144,0.04502860224652493,0.06885303726590963,0.10624254305194608,0.09082487681884434,0.08846517369293828,0.041147559989891176,0.05270462766947299,0.05716619504750294,0.049580343109060794,0.0546358364708153,0.08451542547285165,0.0710010722691882,0.09632419486019034,0.10329663113348535,0.08418202998994707,0.05716619504750294,0.09834765981073369,0.058202524647464844,0.0769800358919501,0.06324555320336758,0.07570332986102253,0.033149677206589796,0.04791329788133908,0.09369711585684086,0.07968190728895957,0.07821351103463227,0.04303314829119352
2,0.024056261216234408,0.024845199749997663,1.0,0.047619047619047616,0.08833315666719666,0.047159704868175854,0.05316779432414047,0.0823610351845668,0.06616570379726819,0.053149400345273386,0.06415002990995841,0.10999438818457405,0.09715396108724306,0.061339160830431484,0.10989674556596452,0.05997601439040672,0.1631751470542569,0.072782274176995,0.10675210253672475,0.053037152278382,0.07856742013183861,0.12606259676496365,0.055274259795899006,0.09063250518662291,0.026352313834736494,0.0725237724293895,0.08451542547285165,0.05555555555555556,0.09135468796041984,0.12065379433217112,0.04419762689865167,0.053037152278382,0.04415107856883479,0.10097099275503374,0.05829690914412256,0.06193182349258824,0.014717026189611597,0.10648585722298128,0.09723477917703367,0.02817180849095055,0.08114408259335794,0.11844484241978358,0.05419034555601471,0.06787191353128068,0.0816496580927726,0.05443310539518173,0.07668904285021938,0.08889941015174031,0.09496714704969829,0.04501063853705185,0.0676200688277983,0.10393492741038726,0.06999342092763468,0.04823573011802551,0.05555555555555556,0.029829158009512195,0.17660431427533915,0.06933752452815364,0.02817180849095055,0.06772854614785964,0.08511621302560177,0.12847813077281675,0.14143240607568536,0.1111111111111111,0.06625386599999376,0.07152514550874646,0.07580980435789034,0.05577384934561409,0.04400655746562997,0.07409843653948336,0.10741516544951818,0.10424379860368244,0.11226255234242724,0.07383714474035497,0.08981004187394179,0.07918851612219982,0.14506471329641488,0.05128514793078344,0.046004370622823615,0.06874649261535878,0.051130999256491366,0.1108650175396232,0.054297530825024545,0.04899539464934427,0.0604812282168686,0.07977312873530423,0.0419960525565808,0.07668904285021938,0.06817466567532182,0.10662402558294529,0.07808688094430302,0.12192725349171499,0.07071067811865475,0.05642593056411202,0.14001375981376357,0.08570991287109668,0.09602684682780276,0.10393492741038726,0.1582344676769041,0.08018753738744804
3,0.05154913117764516,0.095831484749991,0.047619047619047616,1.0,0.12114261485786972,0.09528185269284509,0.05859307945925684,0.07412493166611012,0.0765631715368389,0.11389157216844298,0.08247860988423225,0.10101525445522107,0.10286889997472792,0.07886463535341191,0.10361693153362367,0.12852003083658584,0.09872782006644114,0.09357720965613643,0.08006407690254357,0.10228593653687958,0.07576144084141581,0.058938356929073905,0.12182898077463453,0.08963654359116552,0.07905694150420947,0.04662242513317896,0.0603681610520369,0.059523809523809534,0.0813157112614726,0.08864360399914614,0.12501614465618616,0.034095312178959856,0.09460945407607456,0.08925114538168162,0.08566076445666988,0.10948661653153992,0.04730472703803728,0.08425254637422694,0.07955572841757301,0.04829452884162952,0.09128709291752769,0.15228622596829317,0.09953328775594539,0.14834861100408492,0.046656947481584346,0.05832118435198043,0.05378192615469931,0.10550699226799949,0.05698028822981897,0.08680623146431429,0.08694008849288351,0.09545044354015157,0.06299407883487121,0.07087699119383341,0.11904761904761907,0.0575276618754878,0.08514850866846711,0.059432163881274556,0.04829452884162952,0.06772854614785963,0.07816795073779755,0.08694008849288351,0.0909208324772263,0.07936507936507936,0.12777531299998798,0.11704114719613057,0.1299596646135263,0.14341846974586483,0.07072482449833388,0.09526941840790717,0.08286312763248546,0.08247860988423225,0.12371791482634838,0.08630315619002528,0.09897433186107871,0.07636035483212125,0.08703882797784893,0.15071553677617988,0.03943231767670596,0.10101525445522107,0.07669649888473705,0.08552444210199504,0.0872638888259323,0.06299407883487121,0.11664236870396086,0.08205236098488436,0.11698900355047509,0.16134577846409792,0.06573985618691747,0.11995202878081344,0.06693161223797402,0.09221388919541468,0.07071067811865475,0.06218367858085815,0.07412493166611012,0.10101525445522108,0.12346308877860354,0.09545044354015157,0.07495316889958616,0.06185895741317419
4,0.06884888190323676,0.07110681947099658,0.08833315666719666,0.12114261485786972,1.0,0.08355335571847237,0.07970595967931578,0.11785840563253955,0.12624391035761948,0.14084562922399774,0.10403831043155777,0.12742038712929643,0.20172550939982611,0.10240552419556179,0.16075663790093858,0.1080765617786055,0.11904083096368756,0.1451804969112624,0.11032807731577104,0.13492624554398258,0.06558402278713787,0.08746434675422711,0.11299615367639217,0.11971832818394373,0.10056022847309863,0.09225005403025986,0.10750340619486992,0.07066652533375734,0.10056022847309863,0.15347131944818973,0.10119468415798694,0.06746312277199129,0.09126009688177028,0.13846881825207483,0.07945020013331995,0.10339497253113779,0.049140052167107075,0.10940171266372715,0.12649335519748367,0.035834468731623305,0.09676412496452294,0.1355953844116706,0.1181656828927289,0.11654941681731465,0.12982269672237462,0.06923877158526646,0.11306730995150241,0.1174290475364232,0.12079796945151891,0.08588012656861355,0.08386224163591988,0.1133185399340147,0.12019246203225056,0.11175507235495563,0.105999788000636,0.13517055917925647,0.11232011923910187,0.08819715480567822,0.05375170309743496,0.0574336922661153,0.09280080551448781,0.10321506662882447,0.10962757450448583,0.1354441735563682,0.07110681947099658,0.14267287308662233,0.13660899423520315,0.1064162917190611,0.06297325778692686,0.17400558050282913,0.0819790903130556,0.08414863343728939,0.17594714264160508,0.10886258349314862,0.19583681963587346,0.06610248162817524,0.12916536238866133,0.10484128558756864,0.07314680299682985,0.09369146112448268,0.08129812622173141,0.17627502533830278,0.06474967600961926,0.11351510303045886,0.0576989763210554,0.12176546017089158,0.12019246203225056,0.1064162917190611,0.15446643982128969,0.18436589950467996,0.09932631390872429,0.15052965166359264,0.09743911956946198,0.10766046019562067,0.11785840563253955,0.12265064001750461,0.11659381828824511,0.1912250361386498,0.1350653402266439,0.09179850920431569
5,0.10502100630210075,0.06327138353044137,0.047159704868175854,0.09528185269284509,0.08355335571847237,1.0,0.0828969700384839,0.035955873264830976,0.12276368349726073,0.1353515418469953,0.03500700210070024,0.09432422182837986,0.06237343238042665,0.10041928905068677,0.07996162762590016,0.16728268157970203,0.06285566056425841,0.09387811090966997,0.09709195467257715,0.06753284410941889,0.07503063099984761,0.08755473882299548,0.15512630699850574,0.05326313505865059,0.0958706236059213,0.05276879542846425,0.10249000771134847,0.050528255215902707,0.07669649888473704,0.05643548374119099,0.17365588485279143,0.10612304074337255,0.12046735616310665,0.0757630381562417,0.10907288200508976,0.06759303084186633,0.07228041369786399,0.08045983573336705,0.10612304074337255,0.08199200616907877,0.09409658158863511,0.05170876899950191,0.09294041740756619,0.07407610636824496,0.07921180343813393,0.06931032800836719,0.07609019294092942,0.08209869717864818,0.1105579985645564,0.07982824700322463,0.05904099236933968,0.05671782581081438,0.12986562041232994,0.0827278151694757,0.07073955730226379,0.07325066400671384,0.07228041369786399,0.050450459549723436,0.06149400462680908,0.12319938954579943,0.046448356335502476,0.06642111641550714,0.06753284410941889,0.07410810764999062,0.06327138353044137,0.07096661947545743,0.055159734851469154,0.09891725082320824,0.07204381596421111,0.0933136128362699,0.09378721544644802,0.0700140042014005,0.06126225367622543,0.05128239532643232,0.07701540462154054,0.08642716314028857,0.06333004963811235,0.11194627867626022,0.1338923854009157,0.07503063099984761,0.14881306636086492,0.08873276386800055,0.09629893827871847,0.09166984970282113,0.11551721334727866,0.06965217230011513,0.0763915414190176,0.07609019294092942,0.1302114330657568,0.10182424096155776,0.19885793000812466,0.09393364366277242,0.06859943405700354,0.09677460967319569,0.044944841581038716,0.07015851210375362,0.07622159339667059,0.05671782581081438,0.09998347517133227,0.07876575472657556
6,0.11840055569457876,0.1019029734192905,0.05316779432414047,0.05859307945925684,0.07970595967931578,0.0828969700384839,0.9999999999999999,0.0506707601286177,0.08955528905563981,0.09446367347515452,0.0473602222778315,0.05800418934273981,0.07031973235123175,0.0471719105090836,0.07211891394691526,0.08199751879262143,0.07086339582340444,0.08141389914149073,0.07662294672311884,0.08701308217671838,0.04833682445228318,0.05640520390214006,0.10687674017699964,0.05147039498668495,0.16212663793766882,0.0743643453112049,0.08088297765764038,0.10253788905369948,0.07782078621008104,0.07069477358365736,0.05438317636044899,0.13051962326507757,0.13581475187677053,0.06988512905611342,0.05123693144565975,0.057153226015586804,0.09054316791784701,0.040315698512190044,0.07613644690462858,0.05777355546974314,0.08112334364863914,0.0582964037329089,0.13335752736970255,0.07516198158695363,0.0893032915497516,0.10046620299347055,0.0943623908089224,0.03365744438798205,0.08569203093376929,0.07615238169904848,0.05824240056825375,0.04567400595261684,0.12057322417672041,0.08478839902742212,0.05696549391872194,0.09175856683633897,0.04527158395892351,0.05687778717860788,0.05777355546974314,0.1944527802189727,0.06732748394658157,0.07488308644489768,0.04350654108835919,0.06835859270246632,0.0611417840515743,0.09600921732731636,0.0829160246232749,0.07720559248002742,0.0812221111268283,0.06312099266256298,0.07930169508634177,0.0690669908218376,0.02960013892364469,0.05781571056872647,0.11050718531494017,0.0974378793655826,0.07139822149245365,0.06310404970355085,0.05660629261090032,0.08458944279149556,0.05242864728966902,0.07275433515785172,0.05845931901207504,0.1464103436431605,0.074419409624793,0.06871005307930775,0.10334847786576035,0.08578399164447492,0.12582875349520564,0.07379776691335929,0.10675818579755178,0.06177539459159318,0.029002094671369907,0.09918507099316576,0.04053660810289416,0.052731081220672556,0.07519061581466271,0.07307840952418695,0.07173170402392365,0.0690669908218376
7,0.042796049251091296,0.05524946201098299,0.0823610351845668,0.07412493166611012,0.11785840563253955,0.035955873264830976,0.0506707601286177,1.0,0.04414075445351329,0.04727634802425743,0.05991446895152781,0.07337993857053428,0.09912695235553014,0.03069063745883284,0.12707898458431816,0.053348615619534426,0.11526153842651121,0.04414075445351329,0.05934744229311228,0.09435300692160344,0.07862136275414387,0.1529080587958144,0.0316069770620507,0.1209263085663623,0.07032108464077431,0.06450983610596421,0.06264700137907352,0.03706246583305506,0.06563301233138936,0.08432399730978855,0.07076475519120257,0.03538237759560128,0.058908522274198884,0.10946034359655783,0.07778257931976326,0.05164528707388909,0.029454261137099442,0.06557474954819614,0.09435300692160344,0.07517640165488822,0.10149974286764377,0.0948209311861521,0.061974344488666906,0.07244641371678215,0.024209101306752093,0.08473185457363233,0.06511416615111816,0.13686222536283973,0.05068391965620708,0.06756231274259077,0.06315539556208946,0.06933752452815364,0.056033181468052584,0.10113472848214101,0.08647908694379515,0.04974939673003559,0.07854469636559851,0.061675671210559474,0.06264700137907352,0.050203738550550804,0.08111871609686747,0.0902219936601278,0.09435300692160344,0.07412493166611012,0.0441995696087864,0.0607296692662542,0.10114913821769637,0.06511416615111816,0.04403677137750769,0.06844551771529828,0.06449334857068052,0.08559209850218259,0.09629111081495542,0.10747322132660823,0.11126972805283736,0.05282859011668849,0.11613144917081457,0.05865183903891607,0.06138127491766568,0.039310681377071936,0.0454809819108882,0.08875290797229604,0.036223206858391074,0.037355454312035054,0.050435627722400206,0.06386231933599931,0.06537204504606135,0.0837182136228662,0.0227404909554441,0.10669723123906885,0.03472910828409683,0.07655590023509527,0.10482848367219183,0.06453105295774852,0.07692307692307693,0.08576875936815695,0.06988565578146122,0.1188643277625491,0.08889437636544373,0.042796049251091296
8,0.07735659346940951,0.03550824275275383,0.06616570379726819,0.0765631715368389,0.12624391035761948,0.12276368349726073,0.08955528905563981,0.04414075445351329,1.0,0.18990004393338025,0.034380708208626445,0.07579367289598671,0.1592696000768806,0.21368259151266647,0.08638417872296808,0.22143422033277607,0.06173113935617498,0.18439716312056736,0.07628394235874973,0.10422444308469034,0.11579588914664636,0.09827238624504268,0.11849523376110598,0.11209334836134914,0.08473990242990481,0.038868550203070104,0.07045948486252364,0.07939884455672183,0.1205189723447535,0.09853479628826133,0.15159918994136776,0.09474949371335485,0.07887475404671683,0.10822923213967993,0.04463396254868968,0.07468172500402313,0.0946497048560602,0.04390020359205627,0.07579959497068388,0.05032820347323117,0.10328527823346169,0.08463945268650426,0.09957563333869751,0.08730101449824619,0.16531365703094716,0.08751899489873673,0.05978311912605288,0.06596992457003137,0.1968013535861122,0.06633852685642784,0.08697707640712563,0.09549105211188455,0.19506462586274892,0.11079241437693162,0.10917341126549251,0.1039135798374198,0.07098727864204515,0.0908377689773195,0.04026256277858494,0.08872987707617001,0.07168443940289797,0.07972898670653183,0.06632464559934839,0.072782274176995,0.09764766757007302,0.09757578445614266,0.11737461200570873,0.05978311912605288,0.08254739939567625,0.12219224354365614,0.14392080041446437,0.11173730167803597,0.07735659346940951,0.06475490484516555,0.13752283283450578,0.07427081830924354,0.07256321491663101,0.102090393036235,0.08218561212025632,0.1684303842133038,0.14615072143185662,0.11883448297449156,0.11640135266432824,0.1350447409819031,0.10534693830403495,0.09405832958662803,0.1350447409819031,0.05978311912605288,0.237494922326767,0.10714559048360132,0.19530025584350272,0.14606744127124013,0.05052911526399114,0.06912237121449392,0.07062520712562126,0.0842151921066519,0.09357243567405767,0.0716182890839134,0.12497509513633111,0.06016623936509629
9,0.08438600664067965,0.07130740328122925,0.053149400345273386,0.11389157216844298,0.14084562922399774,0.1353515418469953,0.09446367347515452,0.04727634802425743,0.18990004393338025,1.0,0.06750880531254372,0.09019752336033945,0.16949003078287564,0.1613769109830759,0.07710048887281086,0.274141271195666,0.08264535983435649,0.1582500366111502,0.10212858423763305,0.0676534281508069,0.06576902745024753,0.06578330489043531,0.09065192181986732,0.09337691940151076,0.07563292261344161,0.07516460280028288,0.08983888367615418,0.0531494003452734,0.06050633809075328,0.1209247628562947,0.1353068563016138,0.10148014222621034,0.07743791056751048,0.07244839418215933,0.07170688765783798,0.0814680722027794,0.06335829046432676,0.047018709332201244,0.07611010666965776,0.08085499530853876,0.13100006469140596,0.10576057545651187,0.0666556954386377,0.10389172332884589,0.1475474324449337,0.060754825124384466,0.06669779957250768,0.0915913450642003,0.19987889796043737,0.06997443708651316,0.07116052896817114,0.08522864845907041,0.22097443601483463,0.05273897412321255,0.0620076337361523,0.09274600886908393,0.07039810051591862,0.09581644410252334,0.06288721857330792,0.08639355873638198,0.0697969390932712,0.07762966796527761,0.05919674963195603,0.08267684498153638,0.07923044809025473,0.11819266899474709,0.0805849128382873,0.09337691940151076,0.07367604742757847,0.0763421878527808,0.13359180818014713,0.04602873089491617,0.07671455149152696,0.05779570859249434,0.14729193886373176,0.07575879863028481,0.06476486119289304,0.09812789492903201,0.07335314135594359,0.06576902745024753,0.1304439335777825,0.0777798014597893,0.09739849062079302,0.08035434036903077,0.08679260732054925,0.06868628208635302,0.1339239006150513,0.10671647931601229,0.21197139206389656,0.08287991919868971,0.14110921049876368,0.11664648735895425,0.0676481425202546,0.08482898084778635,0.08667330471113863,0.034165728545583134,0.07516460280028288,0.11363819794542722,0.08764175158180197,0.06904309634237427
10,0.06666666666666668,0.04303314829119352,0.06415002990995841,0.08247860988423225,0.10403831043155777,0.03500700210070024,0.0473602222778315,0.05991446895152781,0.034380708208626445,0.06750880531254372,1.0,0.08164965809277261,0.08908708063747481,0.03187276291558383,0.09898030839149453,0.0554034688851555,0.07980074688861064,0.061885274775527604,0.03698001308168194,0.03674521697397003,0.040824829046386304,0.08336878678455792,0.04103049699311091,0.08694282672026622,0.054772255750516606,0.04396520051149294,0.08783100656536798,0.048112522432468816,0.06572670690061994,0.10150384378451047,0.04593152121746254,0.018372608486985013,0.05353033790313108,0.08525735865191389,0.06058392513710817,0.08849697853800427,0.038235955645093626,0.08512565307587487,0.09186304243492507,0.04879500364742666,0.10013879257199867,0.1312975903779549,0.05631625906963908,0.06348110542727384,0.0565685424949238,0.04714045207910317,0.07969759116024404,0.09949366763261822,0.052636135596781514,0.05847053462046862,0.08432740427115679,0.08486684247915054,0.05819143739626463,0.0716114874039433,0.06735753140545635,0.06974858324629157,0.06882472016116853,0.07205766921228922,0.029277002188455994,0.03910309435028875,0.07581888283278762,0.07730012058189371,0.09186304243492507,0.11547005383792515,0.06024640760767093,0.08108848540793832,0.09629138409712987,0.050716648920155295,0.045732956038002356,0.07108186533109108,0.07255892438417319,0.08333333333333334,0.11666666666666668,0.09068541383397025,0.06666666666666667,0.07200822998230956,0.10050378152592121,0.06091095901015048,0.03984095364447979,0.03061862178478973,0.04428074427700476,0.10753335216995959,0.049374193110101876,0.04364357804719848,0.04714045207910317,0.08290266722896783,0.05819143739626463,0.07969759116024404,0.053136893132405716,0.09003063693837769,0.03606678538669729,0.07453559924999299,0.07348469228349534,0.0753937034925052,0.1027105182026191,0.0668042657122685,0.07257747386024231,0.08486684247915054,0.06923877158526648,0.06666666666666668
11,0.05103103630798288,0.07378647873726218,0.10999438818457405,0.10101525445522107,0.12742038712929643,0.09432422182837986,0.05800418934273981,0.07337993857053428,0.07579367289598671,0.09019752336033945,0.08164965809277261,1.0,0.14547859349066158,0.07807200583588265,0.13055067315364394,0.08481889296799709,0.1710372220988273,0.0842151921066519,0.13587324409735146,0.09000703207408191,0.1375,0.16045149064768402,0.08040302522073696,0.1153563462240948,0.12298373876248843,0.1,0.11952286093343936,0.07071067811865477,0.08049844718999243,0.1389417605841548,0.09000703207408191,0.03375263702778072,0.08429272304235247,0.15261167249147478,0.052999894000318,0.08867963503478639,0.0468292905790847,0.1668115312456598,0.19126494315742407,0.023904572186687872,0.0903696114115064,0.18090680674665818,0.08867963503478639,0.086386842558136,0.06928203230275508,0.06928203230275508,0.07986208584745025,0.1131504763712036,0.08058229640253803,0.06445033866354896,0.10327955589886445,0.15118578920369088,0.0890870806374748,0.08770580193070292,0.08249579113843056,0.08542421961772491,0.19668302043215574,0.10786387432600121,0.047809144373375745,0.038313051408846055,0.09285878790409642,0.15491933384829668,0.15751230612964334,0.10213764617139019,0.09486832980505137,0.0827605888602368,0.1393746295289133,0.09760921603577252,0.07001400420140048,0.11607620001760185,0.129881326134686,0.12247448713915891,0.19391793797033494,0.11106649550317892,0.14696938456699069,0.12598815766974242,0.12309149097933272,0.11190057698883765,0.03903600291794133,0.1125,0.06507913734559685,0.20695859104439138,0.0604707897906952,0.07126966450997983,0.0769800358919501,0.08122769321068954,0.0890870806374748,0.15085060660073935,0.1084652289093281,0.20356534312319305,0.08834522085987723,0.16431676725154984,0.08,0.16415653633362468,0.15724272550828775,0.10909090909090909,0.13333333333333333,0.15118578920369088,0.1801996396010812,0.07144345083117602
12,0.07423923386456233,0.07667395103803935,0.09715396108724306,0.10286889997472792,0.20172550939982611,0.06237343238042665,0.07031973235123175,0.09912695235553014,0.1592696000768806,0.16949003078287564,0.08908708063747481,0.14547859349066158,1.0,0.12777531299998798,0.14244246232238394,0.1604113322554494,0.1421843114599274,0.17764686162421298,0.09059713870302347,0.1063895334970512,0.08183170883849714,0.12732140281584606,0.11696919021507003,0.1484550834518351,0.10572250790275776,0.0783346272642024,0.08694008849288351,0.04286204165613664,0.09759000729485331,0.1489382772087301,0.09002191295904333,0.024551430807011814,0.09537723058655023,0.17527682734987296,0.06939315030888375,0.10034102225875716,0.06131393394849658,0.1213375347182107,0.11457334376605514,0.043470044246441755,0.08921072688801007,0.1315903389919538,0.07883937463188062,0.08797205446019797,0.1427865786923747,0.050395263067896955,0.05809111961158765,0.12662286273293105,0.16998348754288803,0.09897041542034904,0.0939060283031685,0.12371791482634838,0.15552315827194782,0.14673214211726596,0.09429649164350061,0.0897534106446178,0.17031648319026826,0.0784594236270007,0.043470044246441755,0.04180296623470751,0.10131724393151705,0.1189476358506801,0.12275715403505907,0.11429877774969771,0.06900655593423542,0.11437899360653857,0.13257401008712377,0.10972767037744335,0.07129877199108309,0.16886602316301427,0.13922596687098127,0.11878277418329973,0.16332631450203713,0.12429075038261046,0.2732003806215894,0.06415002990995841,0.10744306187005069,0.07461271835934397,0.07098628499999332,0.0909241209316635,0.12623495155497358,0.1642256985597114,0.1193906453388401,0.09072184232530289,0.09799078929868854,0.08124112260537675,0.11016223710929636,0.1484550834518351,0.14201432049934526,0.2282776651327549,0.12852338472316796,0.17264413245941243,0.11638287479252926,0.07462894380660749,0.12200240289911402,0.09257728676678463,0.10506787307658892,0.14433756729740643,0.14649665065208792,0.059391387091649865
13,0.0996023841111995,0.07200822998230956,0.061339160830431484,0.07886463535341191,0.10240552419556179,0.10041928905068677,0.0471719105090836,0.03069063745883284,0.21368259151266647,0.1613769109830759,0.03187276291558383,0.07807200583588265,0.12777531299998798,1.0000000000000002,0.10010346614252381,0.16554952766976438,0.07153510179564002,0.2219011527246921,0.16574838603294895,0.12077707010459407,0.060993754559283325,0.09964475909040274,0.13731430681184992,0.0692777025816433,0.08728715609439694,0.052548465466459485,0.046656947481584346,0.08050764858994135,0.061101009266077866,0.07850136932560092,0.1866554719798272,0.05489866822936094,0.07312113294761091,0.09406341620035447,0.07241164058964482,0.06731080401072015,0.036560566473805456,0.061046769566735985,0.10979733645872188,0.046656947481584346,0.10079052613579392,0.07846531817819996,0.11538994973266312,0.07587443335885055,0.12395595736018243,0.033806170189140665,0.04329856411352706,0.059458839001056314,0.19660067234399298,0.05590852462516898,0.04199605255658081,0.06454972243679027,0.18257418583505539,0.09415130835240085,0.05750546327852953,0.10189116930240022,0.08226127456606228,0.09569487529386911,0.05832118435198043,0.07477941932954753,0.04531044894476004,0.07559289460184546,0.07685813552110532,0.07667395103803935,0.08229511997978235,0.14537891647074358,0.09416472308615167,0.04329856411352706,0.05466133744605251,0.11327877206476619,0.13342231120999193,0.0996023841111995,0.07968190728895959,0.0833767700489925,0.08765009801785553,0.11065666703449763,0.07207499701564472,0.10920378124638962,0.06666666666666668,0.08539125638299666,0.10585122480499264,0.0826244607671784,0.1095964037405619,0.060858061945018464,0.07512482264253481,0.06936134776353386,0.10432810619146023,0.11257626669517036,0.13760659224649044,0.08277476383488219,0.08621610748180845,0.12472191289246472,0.058554004376911994,0.07008766440504625,0.0818416998902209,0.07097455075989333,0.08674667315098074,0.08299250027587321,0.0827561606738798,0.04980119205559975
14,0.06662136141735209,0.05897678246195885,0.10989674556596452,0.10361693153362367,0.16075663790093858,0.07996162762590016,0.07211891394691526,0.12707898458431816,0.08638417872296808,0.07710048887281086,0.09898030839149453,0.13055067315364394,0.14244246232238394,0.10010346614252381,1.0000000000000002,0.06327522041782227,0.1253159537105323,0.12564971450613538,0.14781952900398843,0.16786398036904307,0.151532031339051,0.25843763125886643,0.09372025951925556,0.15721820021423483,0.06255432421712243,0.0860773669144905,0.06687338550904234,0.0439586982263858,0.10008691874739589,0.1909362144569878,0.08393199018452153,0.05245749386532596,0.061135954084071034,0.2097216481564787,0.0790762495864376,0.15620012922998736,0.05240224635777517,0.18471865901085222,0.14688098282291268,0.03343669275452117,0.13242443839434612,0.20618457094236223,0.0826941860629345,0.13694544829207336,0.08614110432930648,0.06460582824697986,0.09102106328192541,0.20291031398236417,0.07514337885441284,0.06010025069647601,0.14446302370292305,0.2026608708444444,0.06645930483723024,0.09814329841314369,0.16484511834894677,0.05310566368913668,0.1659404467996214,0.10058358144442509,0.03343669275452117,0.0446588808213841,0.10823908275992176,0.2086688120153333,0.20982997546130383,0.13920254438355506,0.1179535649239177,0.13119689997644995,0.14996251405664318,0.09929570539846409,0.07834607467435618,0.15559732104309984,0.12111496112122304,0.13324272283470417,0.1522773975253762,0.135437746042228,0.12943578789656976,0.09398765024669885,0.25252349582173333,0.13043478260869568,0.09100315103865803,0.08159417072102745,0.08091547798786779,0.27194028722370944,0.09666737526499296,0.0913815441511916,0.08075728530872482,0.12308597353201026,0.10799637036049915,0.14894355809769613,0.09102991273635126,0.181916258701239,0.07208455033227698,0.1787638714593372,0.06527533657682197,0.08610567718228919,0.1661802106102622,0.13563706301677292,0.12433397443204185,0.17622684421256035,0.2075751551643987,0.0761386987626881
15,0.11253829617297212,0.08046626711787302,0.05997601439040672,0.12852003083658584,0.1080765617786055,0.16728268157970203,0.08199751879262143,0.053348615619534426,0.22143422033277607,0.274141271195666,0.0554034688851555,0.08481889296799709,0.1604113322554494,0.16554952766976438,0.06327522041782227,1.0000000000000002,0.05181138512408565,0.135717747945895,0.08643463611230848,0.05725722614893977,0.07421653134699746,0.07423264260982634,0.15344315078626936,0.07526459679662087,0.08534736470372419,0.04567171159815228,0.09124017073867975,0.07996801918720896,0.022759297254326447,0.06202571747248687,0.26720038869505225,0.11451445229787954,0.06355213736631392,0.08856662657440977,0.0629354927113943,0.08357453858285102,0.047664103024735435,0.07958682795686245,0.08588583922340966,0.09124017073867975,0.0930756119741606,0.1022954338575129,0.07521708472456592,0.11723578164450807,0.18608680061226887,0.06855829496241485,0.07526459679662087,0.08859044441175695,0.25972624459992705,0.07288808502472967,0.09490062397365395,0.07213168840921891,0.24935682939490297,0.09670841734622437,0.05997601439040672,0.1127091426320298,0.08738418887868163,0.09148894411570588,0.08110237398993755,0.16248353033621418,0.06563482993646248,0.05110033598581367,0.05725722614893977,0.05997601439040672,0.08046626711787302,0.11933424598458223,0.10912247801046597,0.07526459679662087,0.05938510328619487,0.11076136633602894,0.14495250394683495,0.06059754409313883,0.06925433610644438,0.043479402435759984,0.06232890249579994,0.07480323242437517,0.11484532398511922,0.10282223317896119,0.07449728745139397,0.19084250917799347,0.2759970192482881,0.1037281734426465,0.09525407258616281,0.06800640801679171,0.13874893028107768,0.06889643016474781,0.11334401336131952,0.09784397583560714,0.23919741668184968,0.10791366906474822,0.20606695538956976,0.10065731212590802,0.08481889296799709,0.06961787842639418,0.08002292342930163,0.1002405098712693,0.056545928645331395,0.1282341127275003,0.08990784673056329,0.03462716805322219
16,0.03740660010403623,0.11590011139293836,0.1631751470542569,0.09872782006644114,0.11904083096368756,0.06285566056425841,0.07086339582340444,0.11526153842651121,0.06173113935617498,0.08264535983435649,0.07980074688861064,0.1710372220988273,0.1421843114599274,0.07153510179564002,0.1253159537105323,0.05181138512408565,1.0,0.09259670903426247,0.09683075928319533,0.08247081822488048,0.19852534707899597,0.2851239193973594,0.07367094686837572,0.17345256272210743,0.09561271382392676,0.12216944435630521,0.11681633206491382,0.08638684255813601,0.1092716729416306,0.1965461206031398,0.08247081822488048,0.05498054548325365,0.09153773455434777,0.15700617457322025,0.06474967600961926,0.1324148434634641,0.06865330091576083,0.165581585686617,0.15119650007894753,0.04380612452434268,0.09463204468147676,0.23329133174985645,0.0963017043370648,0.06332299533013859,0.09874838622020374,0.042320736951515885,0.09756706653118542,0.127601823017734,0.09844694376453163,0.07873862063101471,0.13669073120657754,0.15007105637537327,0.08706975312644522,0.10714969088698138,0.08638684255813601,0.06957486296845626,0.25172877002445637,0.08385789740698303,0.029204083016228455,0.058508552527665986,0.13235257608817366,0.16823474610040315,0.20617704556220118,0.10558391868216623,0.06438895077385465,0.06066489093393452,0.11788145340170697,0.13008942204158055,0.06842857592356093,0.14180964859141768,0.1002159754492715,0.1122198003121087,0.19950186722152657,0.1252516803897733,0.07980074688861064,0.09235141930792201,0.24060830492694776,0.04556943771292084,0.04769006786376002,0.09162708326722892,0.06625568373916033,0.20686922241264902,0.06332299533013859,0.09795347226725087,0.07053456158585981,0.1736619875531514,0.08706975312644522,0.08672628136105372,0.0795068204869924,0.2072455404963426,0.06745679089991416,0.1449824144422779,0.04886777774252209,0.12534320519584097,0.166488888838294,0.11106313123300475,0.08144629623753681,0.18470283861584402,0.24604876883655316,0.049875466805381644
17,0.08595177052156613,0.03550824275275383,0.072782274176995,0.09357720965613643,0.1451804969112624,0.09387811090966997,0.08141389914149073,0.04414075445351329,0.18439716312056736,0.1582500366111502,0.061885274775527604,0.0842151921066519,0.17764686162421298,0.2219011527246921,0.12564971450613538,0.135717747945895,0.09259670903426247,1.0,0.09535492794843717,0.16107413931270323,0.06316139407998893,0.09827238624504268,0.10156734322380512,0.05978311912605288,0.056493268286603206,0.05830282530460516,0.09059076625181611,0.04962427784795114,0.09038922925856513,0.08005952198421233,0.11369939245602581,0.047374746856677426,0.0473248524280301,0.18940115624443987,0.062487547568165554,0.09127766389380605,0.03154990161868673,0.061460285028878785,0.1231743418273613,0.030196922083938704,0.10328527823346169,0.13542312429840683,0.09127766389380605,0.11640135266432824,0.11669199319831564,0.07779466213221042,0.05231022923529627,0.06596992457003137,0.11536631072289337,0.06030775168766167,0.05073662790415662,0.0795758767599038,0.16505468342232602,0.10340625341846951,0.09924855569590228,0.11990028442779209,0.08676222945138852,0.07432181098144323,0.04026256277858494,0.06453081969176001,0.11078504271356959,0.06523280730534423,0.07579959497068388,0.08601541493644864,0.0621394248173192,0.1742424722431119,0.08125934677318297,0.12703912814286236,0.09433988502363,0.14052108007520456,0.09210931226525719,0.10314212462587936,0.12033247873019258,0.06475490484516555,0.12377054955105521,0.09549105211188455,0.07256321491663101,0.102090393036235,0.07396705090823069,0.06316139407998893,0.08220978080541934,0.16636827616428818,0.10185118358128722,0.06001988488084582,0.0810361063877192,0.12826135852722004,0.09753231293137446,0.14198490792437557,0.12788188125287453,0.08571647238688106,0.13020017056233515,0.12300416107051801,0.06737215368532151,0.0864029640181174,0.07062520712562126,0.09952704521695224,0.04678621783702883,0.08753346443589417,0.062487547568165554,0.06016623936509629
18,0.08089377861617925,0.0954819832052577,0.10675210253672475,0.08006407690254357,0.11032807731577104,0.09709195467257715,0.07662294672311884,0.05934744229311228,0.07628394235874973,0.10212858423763305,0.03698001308168194,0.13587324409735146,0.09059713870302347,0.16574838603294895,0.14781952900398843,0.08643463611230848,0.09683075928319533,0.09535492794843717,0.9999999999999998,0.10191289532899896,0.07076731463403722,0.09909574797525762,0.09103849893318917,0.1306153415723752,0.08861469461982081,0.07838841005616431,0.08119979429411502,0.10675210253672476,0.11140133037920331,0.12420044573135945,0.08917378341287409,0.05095644766449948,0.07423322234717407,0.09094667994973339,0.06001056278865802,0.08925325701885609,0.04241898419838518,0.12985284527871854,0.14013023107737357,0.06766649524509584,0.10963225241337864,0.10241831129983782,0.13387988552828414,0.14672075682126356,0.14381849910133493,0.05229763603684907,0.060284003802634704,0.10840727259799847,0.08211733521770383,0.048650425541051985,0.10719598013752579,0.10699012312772821,0.08069700435584032,0.09930726528736966,0.10675210253672476,0.0644825880219161,0.12725695259515554,0.12213178771319005,0.05413319619607667,0.04338098821823763,0.07885640472173426,0.08770580193070292,0.15286934299349844,0.12454411962617887,0.11935247900657213,0.14993266255796667,0.09711427209723061,0.07033133776974049,0.1109853486360486,0.12321601452253604,0.06966077814310226,0.12711879496828166,0.12711879496828166,0.058042173286695455,0.09245003270420485,0.15691884725400138,0.1393736683345151,0.12670245343199008,0.06629935441317958,0.07076731463403722,0.09825015015781494,0.11716722982924388,0.08803245409275813,0.09078412990032035,0.07626738588707156,0.08047572011413082,0.11095838098928043,0.11052067363816362,0.09825015015781494,0.06722693919846215,0.0625195404100444,0.10336227882434038,0.10190493307301361,0.09293533804764305,0.09495590766897964,0.0823474206650615,0.13838941528433948,0.12838814775327384,0.14402535069277925,0.08089377861617925
